function [Reak,Species,tBegin,tEnd,dt]=Tilgner()
tBegin      = 0 ;         % Startzeit Integration   (in [sec])
tEnd        = 24*3600.0d0;     % Endzeit   Integration   (in [sec])
dt          = 30;
Reak(   64,1).con(1)=9999;
Reak(    1).Left=1;
Reak(    1).NameL(1).Name='O3PX';
Reak(    1).KoeffL(1)=1.0;
Reak(    1).Right=1;
Reak(    1).NameR(1).Name='O3';
Reak(    1).KoeffR(1)=1.0;
Reak(    1).Type='SPEC2MCM';
Reak(    1).Factor='$O2N2';
Reak(    1).con( 1)=0.559999999999999993709166469E-33;
Reak(    1).con( 2)=-.260000000000000008881784197E+01;
Reak(    1).con( 3)=0.000000000000000000000000000E+00;
Reak(    2).Left=1;
Reak(    2).NameL(1).Name='O3PX';
Reak(    2).KoeffL(1)=1.0;
Reak(    2).Right=1;
Reak(    2).NameR(1).Name='O3';
Reak(    2).KoeffR(1)=1.0;
Reak(    2).Type='SPEC2MCM';
Reak(    2).Factor='$O2O2';
Reak(    2).con( 1)=0.599999999999999999368997697E-33;
Reak(    2).con( 2)=-.260000000000000008881784197E+01;
Reak(    2).con( 3)=0.000000000000000000000000000E+00;
Reak(    3).Left=2;
Reak(    3).NameL(1).Name='O3PX';
Reak(    3).KoeffL(1)=1.0;
Reak(    3).NameL(2).Name='O3';
Reak(    3).KoeffL(2)=1.0;
Reak(    3).Right=1;
Reak(    3).NameR(1).Name='O2';
Reak(    3).KoeffR(1)=3.0;
Reak(    3).Type='TEMP1';
Reak(    3).Factor='';
Reak(    3).con( 1)=0.799999999999999983909318103E-11;
Reak(    3).con( 2)=0.206000000000000000000000000E+04;
Reak(    4).Left=2;
Reak(    4).NameL(1).Name='O3PX';
Reak(    4).KoeffL(1)=1.0;
Reak(    4).NameL(2).Name='NO';
Reak(    4).KoeffL(2)=1.0;
Reak(    4).Right=2;
Reak(    4).NameR(1).Name='NO2';
Reak(    4).KoeffR(1)=1.0;
Reak(    4).NameR(2).Name='O2';
Reak(    4).KoeffR(2)=1.0;
Reak(    4).Type='TROEMCM';
Reak(    4).Factor='';
Reak(    4).con( 1)=0.100000000000000008333642061E-30;
Reak(    4).con( 2)=-.160000000000000008881784197E+01;
Reak(    4).con( 3)=0.000000000000000000000000000E+00;
Reak(    4).con( 4)=0.299999999999999998004962124E-10;
Reak(    4).con( 5)=0.299999999999999988897769754E+00;
Reak(    4).con( 6)=0.000000000000000000000000000E+00;
Reak(    4).con( 7)=0.849999999999999977795539507E+00;
Reak(    4).con( 8)=0.000000000000000000000000000E+00;
Reak(    4).con( 9)=0.000000000000000000000000000E+00;
Reak(    4).con(10)=-.100000000000000000000000000E+01;
Reak(    5).Left=2;
Reak(    5).NameL(1).Name='O3PX';
Reak(    5).KoeffL(1)=1.0;
Reak(    5).NameL(2).Name='NO2';
Reak(    5).KoeffL(2)=1.0;
Reak(    5).Right=2;
Reak(    5).NameR(1).Name='NO';
Reak(    5).KoeffR(1)=1.0;
Reak(    5).NameR(2).Name='O2';
Reak(    5).KoeffR(2)=2.0;
Reak(    5).Type='TEMP1';
Reak(    5).Factor='';
Reak(    5).con( 1)=0.550000000000000039424754130E-11;
Reak(    5).con( 2)=-.188000000000000000000000000E+03;
Reak(    6).Left=2;
Reak(    6).NameL(1).Name='O3PX';
Reak(    6).KoeffL(1)=1.0;
Reak(    6).NameL(2).Name='NO2';
Reak(    6).KoeffL(2)=1.0;
Reak(    6).Right=2;
Reak(    6).NameR(1).Name='NO3';
Reak(    6).KoeffR(1)=1.0;
Reak(    6).NameR(2).Name='O2';
Reak(    6).KoeffR(2)=1.0;
Reak(    6).Type='TROEMCM';
Reak(    6).Factor='';
Reak(    6).con( 1)=0.129999999999999997696561576E-30;
Reak(    6).con( 2)=-.150000000000000000000000000E+01;
Reak(    6).con( 3)=0.000000000000000000000000000E+00;
Reak(    6).con( 4)=0.230000000000000013549284211E-10;
Reak(    6).con( 5)=0.200000000000000011102230246E+00;
Reak(    6).con( 6)=0.000000000000000000000000000E+00;
Reak(    6).con( 7)=0.599999999999999977795539507E+00;
Reak(    6).con( 8)=0.000000000000000000000000000E+00;
Reak(    6).con( 9)=0.000000000000000000000000000E+00;
Reak(    6).con(10)=-.100000000000000000000000000E+01;
Reak(    7).Left=2;
Reak(    7).NameL(1).Name='O1D';
Reak(    7).KoeffL(1)=1.0;
Reak(    7).NameL(2).Name='O2';
Reak(    7).KoeffL(2)=1.0;
Reak(    7).Right=1;
Reak(    7).NameR(1).Name='O3PX';
Reak(    7).KoeffR(1)=1.0;
Reak(    7).Type='TEMP1';
Reak(    7).Factor='';
Reak(    7).con( 1)=0.627450980392156822988541254E-29;
Reak(    7).con( 2)=-.670000000000000000000000000E+02;
Reak(    8).Left=2;
Reak(    8).NameL(1).Name='O1D';
Reak(    8).KoeffL(1)=1.0;
Reak(    8).NameL(2).Name='O2';
Reak(    8).KoeffL(2)=1.0;
Reak(    8).Right=1;
Reak(    8).NameR(1).Name='O3PX';
Reak(    8).KoeffR(1)=1.0;
Reak(    8).Type='TEMP1';
Reak(    8).Factor='$N2';
Reak(    8).con( 1)=0.392156862745097988093492078E-29;
Reak(    8).con( 2)=-.130000000000000000000000000E+03;
Reak(    9).Left=2;
Reak(    9).NameL(1).Name='NO';
Reak(    9).KoeffL(1)=1.0;
Reak(    9).NameL(2).Name='O3';
Reak(    9).KoeffL(2)=1.0;
Reak(    9).Right=2;
Reak(    9).NameR(1).Name='NO2';
Reak(    9).KoeffR(1)=1.0;
Reak(    9).NameR(2).Name='O2';
Reak(    9).KoeffR(2)=1.0;
Reak(    9).Type='TEMP1';
Reak(    9).Factor='';
Reak(    9).con( 1)=0.140000000000000009301034172E-11;
Reak(    9).con( 2)=0.131000000000000000000000000E+04;
Reak(   10).Left=2;
Reak(   10).NameL(1).Name='NO2';
Reak(   10).KoeffL(1)=1.0;
Reak(   10).NameL(2).Name='O3';
Reak(   10).KoeffL(2)=1.0;
Reak(   10).Right=2;
Reak(   10).NameR(1).Name='NO3';
Reak(   10).KoeffR(1)=1.0;
Reak(   10).NameR(2).Name='O2';
Reak(   10).KoeffR(2)=1.0;
Reak(   10).Type='TEMP1';
Reak(   10).Factor='';
Reak(   10).con( 1)=0.140000000000000009301034172E-12;
Reak(   10).con( 2)=0.247000000000000000000000000E+04;
Reak(   11).Left=3;
Reak(   11).NameL(1).Name='NO';
Reak(   11).KoeffL(1)=1.0;
Reak(   11).NameL(2).Name='NO';
Reak(   11).KoeffL(2)=1.0;
Reak(   11).NameL(3).Name='O2';
Reak(   11).KoeffL(3)=1.0;
Reak(   11).Right=1;
Reak(   11).NameR(1).Name='NO2';
Reak(   11).KoeffR(1)=2.0;
Reak(   11).Type='TEMP1';
Reak(   11).Factor='';
Reak(   11).con( 1)=0.329999999999999984823280787E-38;
Reak(   11).con( 2)=-.530000000000000000000000000E+03;
Reak(   12).Left=2;
Reak(   12).NameL(1).Name='NO';
Reak(   12).KoeffL(1)=1.0;
Reak(   12).NameL(2).Name='NO3';
Reak(   12).KoeffL(2)=1.0;
Reak(   12).Right=1;
Reak(   12).NameR(1).Name='NO2';
Reak(   12).KoeffR(1)=2.0;
Reak(   12).Type='TEMP1';
Reak(   12).Factor='';
Reak(   12).con( 1)=0.179999999999999992340628739E-10;
Reak(   12).con( 2)=-.110000000000000000000000000E+03;
Reak(   13).Left=2;
Reak(   13).NameL(1).Name='NO2';
Reak(   13).KoeffL(1)=1.0;
Reak(   13).NameL(2).Name='NO3';
Reak(   13).KoeffL(2)=1.0;
Reak(   13).Right=3;
Reak(   13).NameR(1).Name='NO';
Reak(   13).KoeffR(1)=1.0;
Reak(   13).NameR(2).Name='NO2';
Reak(   13).KoeffR(2)=1.0;
Reak(   13).NameR(3).Name='O2';
Reak(   13).KoeffR(3)=1.0;
Reak(   13).Type='TEMP1';
Reak(   13).Factor='';
Reak(   13).con( 1)=0.449999999999999975802862053E-13;
Reak(   13).con( 2)=0.126000000000000000000000000E+04;
Reak(   14).Left=2;
Reak(   14).NameL(1).Name='NO2';
Reak(   14).KoeffL(1)=1.0;
Reak(   14).NameL(2).Name='NO3';
Reak(   14).KoeffL(2)=1.0;
Reak(   14).Right=1;
Reak(   14).NameR(1).Name='N2O5';
Reak(   14).KoeffR(1)=1.0;
Reak(   14).Type='TROEMCM';
Reak(   14).Factor='';
Reak(   14).con( 1)=0.360000000000000030001111419E-29;
Reak(   14).con( 2)=-.409999999999999964472863212E+01;
Reak(   14).con( 3)=0.000000000000000000000000000E+00;
Reak(   14).con( 4)=0.189999999999999998197946967E-11;
Reak(   14).con( 5)=0.200000000000000011102230246E+00;
Reak(   14).con( 6)=0.000000000000000000000000000E+00;
Reak(   14).con( 7)=0.349999999999999977795539507E+00;
Reak(   14).con( 8)=0.000000000000000000000000000E+00;
Reak(   14).con( 9)=0.000000000000000000000000000E+00;
Reak(   14).con(10)=-.100000000000000000000000000E+01;
Reak(   15).Left=2;
Reak(   15).NameL(1).Name='O1D';
Reak(   15).KoeffL(1)=1.0;
Reak(   15).NameL(2).Name='H2O';
Reak(   15).KoeffL(2)=1.0;
Reak(   15).Right=1;
Reak(   15).NameR(1).Name='OH';
Reak(   15).KoeffR(1)=2.0;
Reak(   15).Type='CONST';
Reak(   15).Factor='';
Reak(   15).con( 1)=0.214000000000000010639923581E-09;
Reak(   16).Left=2;
Reak(   16).NameL(1).Name='OH';
Reak(   16).KoeffL(1)=1.0;
Reak(   16).NameL(2).Name='O3';
Reak(   16).KoeffL(2)=1.0;
Reak(   16).Right=2;
Reak(   16).NameR(1).Name='HO2';
Reak(   16).KoeffR(1)=1.0;
Reak(   16).NameR(2).Name='O2';
Reak(   16).KoeffR(2)=1.0;
Reak(   16).Type='TEMP1';
Reak(   16).Factor='';
